ACCOUNT_ID=0.0.288338
PRIVATE_KEY=302e020100300506032b657004220420bc0402ef8bf9308ac86b12b3076386afa777baad5a8a27ee474a6bd8e4f8b9ff
PUBLIC_KEY=302a300506032b65700321002f80548e09c9e734a81ee2b80c642e2eeefaf568ae6a3ba0e66b869b51d7c222

Black Magic Token
BM=0.0.294415

Abundance Stable Coin
ABD=0.0.319690

ACCOUNT_ID_2=0.0.294819
ACCOUNT_KEY_2=302e020100300506032b657004220420dee384ce5671c4599c12442f458005365b7279922aa6d74ae90d52841c7ddb63
